0.9940379 1.4495469 0.07115801
0.9944208 1.449551 0.0717376
0.99504006 1.4498155 0.07249081
0.9957902 1.450287 0.0732381
0.99679047 1.4511507 0.07374246
0.99776745 1.4522033 0.07403846
0.99820465 1.4527644 0.07471643
0.9981351 1.4532576 0.07560489
0.9982481 1.4538463 0.07656173
0.99857587 1.4546565 0.07743546
0.9989373 1.4553814 0.07800323
0.99901956 1.456275 0.07857528
0.9990823 1.4573934 0.07920495
0.9992613 1.4588617 0.07958266
0.9992814 1.4605199 0.08019169
0.9995078 1.4626478 0.0811225
0.9998275 1.4647372 0.08195891
0.99965477 1.4667602 0.08270261
0.9988787 1.4686625 0.08317808
0.9981523 1.4700955 0.08355834
0.9977353 1.4706017 0.08409219
0.9973715 1.470548 0.0846024
0.9971584 1.4700906 0.0849271
0.9973636 1.4693152 0.08475962
0.99737555 1.4682778 0.08479879
0.99732655 1.4669863 0.08515273
0.99731445 1.4650397 0.08582465
0.99756724 1.4630232 0.08651561
0.9979314 1.4609064 0.08728215
0.9987178 1.4584904 0.08762684
0.99974287 1.4559805 0.08778341
1.0004044 1.4536002 0.08818498
1.000805 1.4516677 0.08871854
1.0008906 1.4495609 0.08930089
1.000947 1.4471266 0.09013844
1.0009745 1.4440998 0.09124509
1.0008692 1.4404061 0.0925202
1.0006588 1.4367069 0.09373327
1.0003649 1.4333258 0.09489665
0.9999838 1.4302311 0.09593313
0.99970293 1.4270742 0.0967394 
0.9991571 1.4237905 0.09785415
0.99881494 1.4205089 0.09900054
0.9985426 1.417036 0.10025226
0.9983012 1.4130974 0.10155325
0.9979567 1.4088387 0.10251556
0.9974237 1.4041718 0.10355583
0.9969605 1.3997115 0.10431846
0.996531 1.3951705 0.10511784
0.9958468 1.3901185 0.10616506
0.9947979 1.385066 0.10738417
0.99353886 1.3803678 0.10893852
0.9926301 1.3753705 0.11091937
0.9913419 1.3700234 0.11263634
0.9898643 1.3648729 0.1143392
0.9886939 1.3592343 0.11639795
0.98716843 1.3533702 0.11844072
0.98569465 1.3478745 0.12075229
0.98455155 1.3418204 0.12319399
0.9832571 1.335853 0.12572123
0.9820088 1.3294582 0.12839593
0.98073405 1.3228296 0.13116316
0.9792387 1.3160024 0.13387094
0.9777579 1.3087509 0.13617335
0.97620034 1.3012927 0.13814332
0.9747352 1.2928996 0.13998821
0.9731263 1.2838774 0.1421609
0.9709799 1.2742927 0.14487244
0.968923 1.2642174 0.14760296
0.96632946 1.2540115 0.15066692
0.9634152 1.2433301 0.15355122
0.9604084 1.232109 0.15631717
0.9574683 1.2200947 0.15950948
0.95420724 1.2075706 0.16302352
0.9504554 1.195017 0.16642684
0.9462327 1.1818255 0.16986917
0.9416019 1.1678313 0.17302008
0.9368136 1.152644 0.17596841
0.93217933 1.1367338 0.17906801
0.9280576 1.1203264 0.1826617
0.9242446 1.1036614 0.18650968
0.9205019 1.0865625 0.19083579
0.91624004 1.0690887 0.19563766
0.9117568 1.0509657 0.20027971
0.9076025 1.0320504 0.204903 
0.9034612 1.0126208 0.20982017
0.89924073 0.9923726 0.21491668
0.89481497 0.97114027 0.22046418
0.89054084 0.94922745 0.22607452
0.88632137 0.9270404 0.23160915
0.8817526 0.9048798 0.23727755
0.8770856 0.88279605 0.24303156
0.8720544 0.86050195 0.24880873
0.86728686 0.83843905 0.25460202
0.8623942 0.8162525 0.26035872
0.857134 0.7936545 0.26614892
0.85114014 0.7708705 0.27188548
0.8447755 0.74758744 0.277413 
0.8379251 0.72349805 0.2837222 
0.8306722 0.69912714 0.2901395 
0.8231537 0.67488813 0.2963709 
0.81547767 0.6504143 0.30265924
0.8075097 0.62527484 0.3089559 
0.79913926 0.6000547 0.3154566 
0.79092443 0.5745607 0.3218527 
0.7831794 0.5489165 0.32836717
0.77566546 0.52308124 0.33448562
0.7682304 0.4968393 0.34097037
0.760971 0.47023174 0.34828687
0.7540095 0.44337863 0.35605517
0.74701524 0.41599023 0.3638467 
0.7396545 0.38805 0.3712517
0.7318278 0.35951588 0.37855667
0.72410667 0.33071178 0.38620755
0.71627074 0.3016368 0.39393762
0.708276 0.27222756 0.40161225
0.7001779 0.24220876 0.40947762
0.6918768 0.21146789 0.41724935
0.68340886 0.18018246 0.4251612 
0.6749946 0.14840472 0.43274808
0.6664533 0.11641496 0.44021937
0.65772307 0.08443456 0.44810832
0.6490474 0.05211426 0.45654738
0.6402503 0.01961078 0.4658288 
 0.6314246 -0.01289311 0.47570574
 0.6223218 -0.04536186 0.48538965
 0.61186373 -0.07763334 0.49491608
 0.6005268 -0.10952731 0.5046736 
 0.5885224 -0.14091448 0.5143233 
 0.57567036 -0.17200576 0.5241802 
 0.5621435 -0.20271412 0.53411007
 0.5482512 -0.23287933 0.5441435 
 0.53372705 -0.26236665 0.5539256 
 0.5188275 -0.29118934 0.5635528 
 0.5034626 -0.31967592 0.5733149 
 0.48745474 -0.34774876 0.5834104 
 0.47121456 -0.37520483 0.5930281 
 0.45469743 -0.402334 0.6022852 
 0.4380277 -0.4290957 0.6111341
 0.42080083 -0.45524782 0.619734 
 0.40306926 -0.48063737 0.62835 
 0.38514215 -0.50534767 0.6371059 
 0.36715096 -0.52970386 0.64562917
 0.34864712 -0.55381763 0.65447986
 0.3298499 -0.57800764 0.6632946 
 0.3111951 -0.6021346 0.6722619
 0.29252088 -0.62639594 0.6815881 
 0.27440053 -0.6507616 0.69101787
 0.25696892 -0.6749351 0.69998497
 0.2401149 -0.69926417 0.7089092 
 0.22370577 -0.7235312 0.7172825 
 0.20746884 -0.74752474 0.72563124
 0.19149116 -0.7711818 0.7337256 
 0.17586842 -0.7949362 0.74174815
 0.16115272 -0.8185638 0.7494659 
 0.14733718 -0.8422187 0.75713533
 0.13413322 -0.86543024 0.76476884
 0.12155445 -0.8885981 0.77253544
 0.10936002 -0.91177034 0.78026617
 0.09791712 -0.9349039 0.7880872 
 0.08703859 -0.95794415 0.79582846
 0.07665336 -0.9808645 0.80319285
 0.06687003 -1.003707 0.810315 
 0.05778624 -1.0263814 0.8171441 
 0.04940542 -1.0488976 0.8238852 
 0.04174954 -1.0711842 0.8306599 
 0.03485034 -1.0931652 0.83757806
 0.02823917 -1.1151112 0.84423006
 0.02192603 -1.1368221 0.8503989 
 0.01635028 -1.1583226 0.8562402 
 0.01111385 -1.1793134 0.8620596 
 0.0060952 -1.2000141 0.86830205
 0.00172195 -1.2205776 0.87466615
-0.00237867 -1.2406745 0.88080233
-0.00620341 -1.2601762 0.88710856
-0.00972678 -1.2790986 0.8934091 
-0.01231478 -1.297919 0.89945316
-0.01482214 -1.3163128 0.90518236
-0.01694561 -1.3341335 0.91066563
-0.01918631 -1.3513174 0.9165031 
-0.02129098 -1.36793 0.92256904
-0.02316909 -1.3838105 0.92849773
-0.02505407 -1.3988894 0.93458074
-0.02691447 -1.4129225 0.9407394 
-0.02865145 -1.4259999 0.94689804
-0.02982201 -1.437775 0.9528381 
-0.03058614 -1.4489408 0.9585526 
-0.03114211 -1.4592608 0.9643696 
-0.0315513 -1.4687016 0.9697522
-0.03190277 -1.4769975 0.9743908 
-0.0322217 -1.4847634 0.9790732
-0.03222604 -1.4915822 0.98365813
-0.03204304 -1.4976022 0.98866737
-0.03162439 -1.5030107 0.99361014
-0.03065688 -1.5082421 0.9981044 
-0.02899809 -1.5136688 1.002218 
-0.02736959 -1.518701 1.00632 
-0.02530467 -1.5237892 1.0105116 
-0.02266913 -1.5289432 1.0148164 
-0.01968629 -1.5338578 1.0188671 
-0.01632155 -1.5382465 1.0230274 
-0.01241316 -1.5423878 1.0272001 
-0.00788354 -1.5465025 1.0312797 
-0.00232194 -1.5503173 1.0350618 
 0.00366089 -1.5535011 1.0389754 
 0.01048049 -1.5562376 1.0430361 
 0.01805447 -1.5585263 1.0468069 
 0.02645644 -1.5605232 1.0501298 
 0.03538163 -1.5624484 1.0532912 
 0.04517889 -1.5641718 1.0563142 
 0.05564145 -1.565769 1.0591443 
 0.06723045 -1.5670751 1.062047 
 0.07985295 -1.5679196 1.0650983 
 0.09328999 -1.5687113 1.0684898 
 0.10741583 -1.5692074 1.0716059 
 0.12209156 -1.5695152 1.0748035 
 0.13748029 -1.5693841 1.0781574 
 0.15351003 -1.5685736 1.0813663 
 0.17041641 -1.5670079 1.0840449 
 0.18802433 -1.5646069 1.086394 
 0.20585763 -1.5615641 1.0885442 
 0.22418657 -1.558025 1.0901817 
 0.24307397 -1.5541711 1.0920177 
 0.26210204 -1.5495985 1.0939233 
 0.28129986 -1.5444183 1.0960635 
 0.30059052 -1.5390236 1.0984006 
 0.32012025 -1.532926 1.1006032 
 0.3394055 -1.5266029 1.1024911
 0.35848778 -1.5199703 1.1043279 
 0.3774845 -1.5131986 1.105968 
 0.39606047 -1.506449 1.1077306 
 0.4142046 -1.4997712 1.1096457
 0.43253022 -1.4926587 1.1113569 
 0.45116267 -1.4849318 1.1128817 
 0.4697598 -1.4772092 1.1142079
 0.4879421 -1.4688985 1.115393 
 0.50597936 -1.460208 1.1165942 
 0.5234776 -1.4511675 1.1179254
 0.5409121 -1.4416722 1.1191385
 0.55841064 -1.4317386 1.1199784 
 0.57597417 -1.4211968 1.120881 
 0.59320754 -1.4099038 1.1219829 
 0.60976315 -1.3978646 1.1231254 
 0.6259732 -1.3854252 1.1238463
 0.64187646 -1.3729391 1.1240002 
 0.65787995 -1.3601894 1.1242926 
 0.6735327 -1.3470507 1.1245278
 0.68855935 -1.3336083 1.1247507 
 0.70319426 -1.3200251 1.1248531 
 0.7177123 -1.3063014 1.1249757
 0.7318067 -1.292446 1.1249738
 0.7456605 -1.2784307 1.1251491
 0.75939465 -1.264548 1.1255513 
 0.7729099 -1.2507572 1.1261723
 0.78621304 -1.2370243 1.1263717 
 0.79951054 -1.2228903 1.1262753 
 0.8125011 -1.2083243 1.1260967
 0.8251901 -1.1933213 1.125895 
 0.8373428 -1.1783572 1.125826 
 0.84904253 -1.1637894 1.1254389 
 0.86030877 -1.1489608 1.1245399 
 0.8710994 -1.1339376 1.1238391
 0.88091224 -1.1187243 1.1231244 
 0.89018255 -1.1036947 1.122308 
 0.8987516 -1.0886801 1.1215448
 0.9066769 -1.0733163 1.1207993
 0.9141579 -1.0578438 1.1198187
 0.92076737 -1.042289 1.1191962 
 0.9267403 -1.026796 1.1190969
 0.9322564 -1.0115354 1.1191517
 0.9372525 -0.9969273 1.1192005
 0.94194585 -0.98292536 1.1187656 
 0.94635415 -0.9690355 1.1178703 
 0.9502585 -0.9550784 1.1168399
 0.9537443 -0.9411246 1.1160161
 0.9569892 -0.92722046 1.1154321 
 0.9598357 -0.9132381 1.1149826
 0.9620632 -0.8990998 1.1142721
 0.96389073 -0.88497245 1.1133363 
 0.9655637 -0.8711268 1.1120068
 0.9665718 -0.85737383 1.1108121 
 0.9671374 -0.84396404 1.1095766 
 0.9677734 -0.8306885 1.107925 
 0.9683545 -0.81760615 1.1058751 
 0.96883273 -0.80433583 1.1036683 
 0.96902615 -0.79079634 1.1013709 
 0.9691835 -0.7769416 1.0988144
 0.9689711 -0.7625483 1.0964614
 0.96841514 -0.74771065 1.094505 
 0.9671849 -0.7327475 1.0924872
 0.96556485 -0.71761894 1.0903263 
 0.96347535 -0.7022794 1.0879828 
 0.9610009 -0.68664294 1.0856373 
 0.95824254 -0.6711475 1.0830885 
 0.954972 -0.6552431 1.0803709
 0.95115113 -0.63920534 1.0775139 
 0.94688696 -0.6230859 1.0749205 
 0.9420287 -0.60639703 1.0722961 
 0.9365891 -0.589698 1.0696826
 0.9302555 -0.57270914 1.0668727 
 0.9239944 -0.5558621 1.0642042
 0.91719556 -0.53906304 1.0614579 
 0.9104902 -0.5223689 1.0582187
 0.9032782 -0.50600606 1.0553014 
 0.8961269 -0.49019843 1.0524409 
 0.88867396 -0.47428545 1.0493296 
 0.88113505 -0.4587478 1.0460426 
 0.8728077 -0.44360158 1.0421635 
 0.8638067 -0.42885503 1.0383059 
 0.85440654 -0.41429204 1.0348788 
 0.8448977 -0.40019462 1.0314565 
 0.8348232 -0.38674766 1.0278529 
 0.82413065 -0.37365907 1.024318 
 0.813382 -0.36071905 1.0210053 
 0.80267704 -0.34726006 1.0174116 
 0.79144233 -0.3340778 1.0131347 
 0.7801623 -0.3204553 1.0083575
 0.76847684 -0.30649808 1.0032961 
 0.7565264 -0.29247835 0.99838084
 0.7444725 -0.27840275 0.99369735
 0.7321689 -0.26392418 0.98926854
 0.71912795 -0.24896984 0.98469156
 0.7057296 -0.23361108 0.98007417
 0.6920472 -0.21766318 0.9756508 
 0.6780057 -0.2012455 0.9707251
 0.66374505 -0.18403395 0.96538466
 0.64939964 -0.16626453 0.96000135
 0.6352894 -0.14822514 0.9543971 
 0.620831 -0.12957071 0.94852513
 0.6061233 -0.11072092 0.9423087 
 0.5915455 -0.09189588 0.9358739 
 0.57746476 -0.07312579 0.9295096 
 0.56391484 -0.05413755 0.9230665 
 0.5504828 -0.03517146 0.9164567 
 0.5371023 -0.0156449 0.9101237
0.5238446 0.00392539 0.9040936 
0.51026773 0.02353276 0.8981703 
0.4963956 0.04348762 0.8918186 
0.48234728 0.06343056 0.885522 
0.46843913 0.08354416 0.8790571 
0.4547948 0.10349271 0.87242335
0.4413894 0.1233224 0.8657443
0.4280076 0.14303523 0.85906184
0.4146896 0.16225575 0.85244656
0.40136886 0.18106802 0.8459346 
0.3883623 0.19990247 0.8392435 
0.37543646 0.21825586 0.83238524
0.36303285 0.23596601 0.82500815
0.35130522 0.25347877 0.81730646
0.3397225 0.27079424 0.80923885
0.3285657 0.28776458 0.80111784
0.31822342 0.30467772 0.79313207
0.30808386 0.32128677 0.7856425 
0.29809678 0.33754376 0.7788633 
0.2884642 0.35382214 0.771874 
0.27839068 0.37005168 0.7644982 
0.26802328 0.38639718 0.75683343
0.2578251 0.40271088 0.7491964 
0.24819483 0.41894445 0.741984 
0.23844063 0.43514878 0.7342963 
0.228673 0.45137805 0.72638565
0.21894161 0.46763882 0.7183229 
0.20935582 0.483568 0.71032274
0.19997312 0.49971744 0.70281684
0.19041273 0.51591104 0.6952491 
0.18103553 0.532258 0.6873869 
0.17187189 0.54848653 0.67923105
0.1626497 0.56463027 0.6712138 
0.15358904 0.5803678 0.66330063
0.14461255 0.5959242 0.65562415
0.1357481 0.611769 0.6478993
0.12714241 0.62774247 0.64007324
0.11891952 0.6439797 0.63277084
0.11119839 0.66056186 0.62522084
0.10364597 0.67707086 0.617056 
0.09629244 0.69347847 0.60877186
0.08898778 0.7094684 0.600416 
0.08231513 0.72515965 0.59262985
0.07609877 0.7408987 0.5852024 
0.06995226 0.7570525 0.5775769 
0.06358118 0.77354455 0.5700499 
0.05753163 0.78993636 0.5628411 
0.05159465 0.80610454 0.5556404 
0.04593949 0.822417 0.54833335
0.04077582 0.8387303 0.5413359 
0.03594343 0.8548155 0.534708 
0.03154515 0.8705325 0.5284111 
0.02729447 0.8859929 0.522299 
0.02359424 0.90139467 0.5160204 
0.01989636 0.91641724 0.509808 
0.01640625 0.9311353 0.50356966
0.01285465 0.94549495 0.49735603
0.00937943 0.9598721 0.49118078
0.00590764 0.97379094 0.4848722 
0.00301436 0.9873043 0.4788117 
6.0186212e-05 1.0006499e+00 4.7334379e-01
-0.00279629 1.0138035 0.4679516 
-0.00547423 1.0263486 0.46295962
-0.00781854 1.0386883 0.45827878
-0.00994963 1.0506724 0.45365494
-0.01217582 1.0618813 0.44894215
-0.01413313 1.0727319 0.44406348
-0.01590271 1.0826871 0.4398171 
-0.01753512 1.0919203 0.43589306
-0.01908399 1.1003605 0.43246976
-0.02039304 1.1083041 0.4288345 
-0.02206125 1.115376 0.42543438
-0.02375288 1.1220713 0.42271614
-0.02504027 1.1285524 0.42015132
-0.02633775 1.1347492 0.41822124
-0.02747489 1.1403426 0.41687372
-0.02877341 1.1456755 0.41541073
-0.03031239 1.1510687 0.41405216
-0.03196471 1.1564426 0.41322756
-0.03352384 1.1614782 0.41267455
-0.03517628 1.1663111 0.41207567
-0.03681731 1.1709427 0.4113735 
-0.03872852 1.1748347 0.41068083
-0.04032211 1.1781018 0.41060904
-0.04142774 1.1806046 0.411124 
-0.0423073 1.1822577 0.41208166
-0.04332996 1.183141 0.41317663
-0.04455307 1.1832516 0.414599 
-0.04566668 1.1829191 0.41626123
-0.04659234 1.181542 0.4176277 
-0.04757917 1.1797342 0.41941836
-0.04908459 1.1775767 0.42170858
-0.05075509 1.1744924 0.42448553
-0.05245028 1.1707325 0.42749795
-0.0542162 1.166552 0.43021032
-0.05588211 1.162111 0.43306667
-0.05739824 1.1568043 0.43599325
-0.05890968 1.1505288 0.43936822
-0.06063556 1.1434201 0.44308776
-0.06253804 1.1360407 0.447429 
-0.06479974 1.1282244 0.4518961 
-0.06682266 1.1199954 0.45654514
-0.06866204 1.111846 0.46141997
-0.07052996 1.1035316 0.4664867 
-0.07257804 1.0949404 0.4717966 
-0.07458103 1.0859071 0.47744864
-0.07689701 1.0767409 0.4833465 
-0.07957336 1.0672787 0.48958528
-0.08264035 1.0572165 0.49609613
-0.0857265 1.0464511 0.5027116
-0.08923116 1.0353038 0.5092035 
-0.09288565 1.0237259 0.5162143 
-0.09637324 1.0119617 0.52325374
-0.10020079 0.9997712 0.5301257 
-0.10424114 0.98689646 0.53724456
-0.10871849 0.9734776 0.54450387
-0.11390956 0.9594977 0.5514755 
-0.11942686 0.94540703 0.5581801 
-0.12533519 0.9308384 0.5648255 
-0.13104843 0.91585296 0.57185197
-0.13711739 0.90049076 0.5791488 
-0.14337762 0.8850521 0.5864948 
-0.14962266 0.8693473 0.59402096
-0.1557621 0.853245 0.60182416
-0.16179474 0.83716214 0.6104709 
-0.16807255 0.82109576 0.61914355
-0.1745174 0.8047196 0.6278856
-0.18085423 0.78808564 0.63671935
-0.18726817 0.77140766 0.6453058 
-0.19336377 0.75450456 0.65423363
-0.19920489 0.7376365 0.6626699 
-0.20484729 0.72080505 0.6710604 
-0.20992108 0.703952 0.6799623 
-0.21469386 0.687227 0.6888185 
-0.21960473 0.6705505 0.69817924
-0.22465457 0.65340734 0.7078806 
-0.23010491 0.6365387 0.7178692 
-0.2357715 0.6195785 0.7276555
-0.24110828 0.6020874 0.73716456
-0.24575177 0.58401227 0.74652034
-0.25025684 0.5658851 0.75581247
-0.25445494 0.5480403 0.76504093
-0.25832903 0.5308036 0.7743274 
-0.2620925 0.51404953 0.78335327
-0.2651141 0.49779746 0.7927531 
-0.26782006 0.48198628 0.8016671 
-0.27021378 0.46655914 0.80997574
-0.27241302 0.45176983 0.8183942 
-0.27422667 0.43744212 0.82665753
-0.27589393 0.42312795 0.83475155
-0.27703512 0.4088924 0.84331065
-0.27795154 0.39458656 0.8514727 
-0.27850887 0.38063607 0.8598969 
-0.27862757 0.3668802 0.86838895
-0.2784581 0.35342982 0.8767799 
-0.27851844 0.3405268 0.88549995
-0.2786693 0.32791215 0.8943511 
-0.27868453 0.31552452 0.9029874 
-0.27894947 0.3034623 0.9114038 
-0.2797197 0.29154742 0.919762 
-0.28094864 0.27968422 0.9280531 
-0.28224394 0.26804918 0.9363803 
-0.28441212 0.25654718 0.9442453 
-0.28752565 0.24523282 0.95171154
-0.29095092 0.2342748 0.95920175
-0.29466224 0.223064 0.9664882 
-0.29851225 0.21191747 0.97348243
-0.3023198 0.20055571 0.9801756 
-0.30611396 0.18877333 0.98681074
-0.31032822 0.17672333 0.993415 
-0.31528196 0.1647681 0.9996572 
-0.3203305 0.15308493 1.0057076 
-0.3254592 0.14125638 1.0114357 
-0.33026168 0.12944241 1.0169822 
-0.3349469 0.1178843 1.0220981
-0.33958048 0.10660276 1.0270574 
-0.3444286 0.09555602 1.0318764 
-0.3494082 0.08452506 1.0366211 
-0.3540558 0.07345939 1.041742 
-0.35830128 0.06221485 1.0468371 
-0.3625722 0.05152837 1.0514929 
-0.36717615 0.04094184 1.0555624 
-0.37176186 0.03040607 1.05966 