Pos:  [0.9940379  1.4495469  0.07115801]
Goal:  [0.99372846 1.44961739 0.07091917]
Pos:  [0.9944208 1.449551  0.0717376]
Goal:  [0.99372578 1.44960321 0.07092238]
Pos:  [0.99504006 1.4498155  0.07249081]
Goal:  [0.99372311 1.44958903 0.07092559]
Pos:  [0.9957902 1.450287  0.0732381]
Goal:  [0.99372043 1.44957485 0.07092879]
Pos:  [0.99679047 1.4511507  0.07374246]
Goal:  [0.9937015  1.4494749  0.07095142]
Pos:  [0.99776745 1.4522033  0.07403846]
Goal:  [0.99368257 1.44937496 0.07097405]
Pos:  [0.99820465 1.4527644  0.07471643]
Goal:  [0.99366364 1.44927501 0.07099668]
Pos:  [0.9981351  1.4532576  0.07560489]
Goal:  [0.99361166 1.44900173 0.07105861]
Pos:  [0.9982481  1.4538463  0.07656173]
Goal:  [0.99355969 1.44872845 0.07112054]
Pos:  [0.99857587 1.4546565  0.07743546]
Goal:  [0.99350771 1.44845517 0.07118246]
Pos:  [0.9989373  1.4553814  0.07800323]
Goal:  [0.99340531 1.44791929 0.07130401]
Pos:  [0.99901956 1.456275   0.07857528]
Goal:  [0.99330291 1.44738341 0.07142556]
Pos:  [0.9990823  1.4573934  0.07920495]
Goal:  [0.99320051 1.44684754 0.07154711]
Pos:  [0.9992613  1.4588617  0.07958266]
Goal:  [0.99302977 1.44595846 0.07174898]
Pos:  [0.9992814  1.4605199  0.08019169]
Goal:  [0.99285903 1.44506939 0.07195086]
Pos:  [0.9995078 1.4626478 0.0811225]
Goal:  [0.99268829 1.44418031 0.07215273]
Pos:  [0.9998275  1.4647372  0.08195891]
Goal:  [0.99243077 1.44284651 0.07245592]
Pos:  [0.99965477 1.4667602  0.08270261]
Goal:  [0.99217324 1.44151272 0.07275911]
Pos:  [0.9988787  1.4686625  0.08317808]
Goal:  [0.99191571 1.44017892 0.0730623 ]
Pos:  [0.9981523  1.4700955  0.08355834]
Goal:  [0.99155248 1.43830846 0.07348799]
Pos:  [0.9977353  1.4706017  0.08409219]
Goal:  [0.99118924 1.43643799 0.07391369]
Pos:  [0.9973715 1.470548  0.0846024]
Goal:  [0.990826   1.43456752 0.07433939]
Pos:  [0.9971584 1.4700906 0.0849271]
Goal:  [0.9903377  1.43206857 0.07490887]
Pos:  [0.9973636  1.4693152  0.08475962]
Goal:  [0.9898494  1.42956962 0.07547835]
Pos:  [0.99737555 1.4682778  0.08479879]
Goal:  [0.98936109 1.42707066 0.07604783]
Pos:  [0.99732655 1.4669863  0.08515273]
Goal:  [0.988728   1.42385217 0.07678232]
Pos:  [0.99731445 1.4650397  0.08582465]
Goal:  [0.9880949  1.42063367 0.07751682]
Pos:  [0.99756724 1.4630232  0.08651561]
Goal:  [0.98746181 1.41741518 0.07825131]
Pos:  [0.9979314  1.4609064  0.08728215]
Goal:  [0.98666389 1.41338755 0.07917187]
Pos:  [0.9987178  1.4584904  0.08762684]
Goal:  [0.98586597 1.40935992 0.08009242]
Pos:  [0.99974287 1.4559805  0.08778341]
Goal:  [0.98506805 1.40533228 0.08101298]
Pos:  [1.0004044  1.4536002  0.08818498]
Goal:  [0.98408505 1.40040814 0.0821403 ]
Pos:  [1.000805   1.4516677  0.08871854]
Goal:  [0.98310206 1.395484   0.08326762]
Pos:  [1.0008906  1.4495609  0.08930089]
Goal:  [0.98211906 1.39055986 0.08439494]
Pos:  [1.000947   1.4471266  0.09013844]
Goal:  [0.98093059 1.38465488 0.08574924]
Pos:  [1.0009745  1.4440998  0.09124509]
Goal:  [0.97974211 1.3787499  0.08710353]
Pos:  [1.0008692 1.4404061 0.0925202]
Goal:  [0.97855364 1.37284491 0.08845783]
Pos:  [1.0006588  1.4367069  0.09373327]
Goal:  [0.97713926 1.36587868 0.09005861]
Pos:  [1.0003649  1.4333258  0.09489665]
Goal:  [0.97572487 1.35891244 0.09165939]
Pos:  [0.9999838  1.4302311  0.09593313]
Goal:  [0.97431049 1.3519462  0.09326017]
Pos:  [0.99970293 1.4270742  0.0967394 ]
Goal:  [0.97264982 1.34384314 0.09512609]
Pos:  [0.9991571  1.4237905  0.09785415]
Goal:  [0.97098916 1.33574007 0.096992  ]
Pos:  [0.99881494 1.4205089  0.09900054]
Goal:  [0.96932849 1.32763701 0.09885792]
Pos:  [0.9985426  1.417036   0.10025226]
Goal:  [0.96740135 1.31832734 0.10100654]
Pos:  [0.9983012  1.4130974  0.10155325]
Goal:  [0.96547421 1.30901768 0.10315516]
Pos:  [0.9979567  1.4088387  0.10251556]
Goal:  [0.96354706 1.29970802 0.10530378]
Pos:  [0.9974237  1.4041718  0.10355583]
Goal:  [0.96133355 1.28912878 0.1077514 ]
Pos:  [0.9969605  1.3997115  0.10431846]
Goal:  [0.95912004 1.27854954 0.11019902]
Pos:  [0.996531   1.3951705  0.10511784]
Goal:  [0.95690652 1.2679703  0.11264664]
Pos:  [0.9958468  1.3901185  0.10616506]
Goal:  [0.95438718 1.25606633 0.11540808]
Pos:  [0.9947979  1.385066   0.10738417]
Goal:  [0.95186783 1.24416235 0.11816951]
Pos:  [0.99353886 1.3803678  0.10893852]
Goal:  [0.94934848 1.23225837 0.12093095]
Pos:  [0.9926301  1.3753705  0.11091937]
Goal:  [0.9465044  1.21898331 0.12401932]
Pos:  [0.9913419  1.3700234  0.11263634]
Goal:  [0.94366033 1.20570826 0.12710769]
Pos:  [0.9898643 1.3648729 0.1143392]
Goal:  [0.94081625 1.1924332  0.13019606]
Pos:  [0.9886939  1.3592343  0.11639795]
Goal:  [0.93762925 1.17775057 0.13362257]
Pos:  [0.98716843 1.3533702  0.11844072]
Goal:  [0.93444225 1.16306793 0.13704909]
Pos:  [0.98569465 1.3478745  0.12075229]
Goal:  [0.93125525 1.1483853  0.1404756 ]
Pos:  [0.98455155 1.3418204  0.12319399]
Goal:  [0.927708   1.13226944 0.14424936]
Pos:  [0.9832571  1.335853   0.12572123]
Goal:  [0.92416074 1.11615358 0.14802312]
Pos:  [0.9820088  1.3294582  0.12839593]
Goal:  [0.92061349 1.10003772 0.15179688]
Pos:  [0.98073405 1.3228296  0.13116316]
Goal:  [0.91668965 1.08247478 0.15592466]
Pos:  [0.9792387  1.3160024  0.13387094]
Goal:  [0.91276582 1.06491185 0.16005245]
Pos:  [0.9777579  1.3087509  0.13617335]
Goal:  [0.90884198 1.04734891 0.16418024]
Pos:  [0.97620034 1.3012927  0.13814332]
Goal:  [0.90452639 1.02833777 0.16866633]
Pos:  [0.9747352  1.2928996  0.13998821]
Goal:  [0.9002108  1.00932664 0.17315243]
Pos:  [0.9731263 1.2838774 0.1421609]
Goal:  [0.8958952  0.9903155  0.17763852]
Pos:  [0.9709799  1.2742927  0.14487244]
Goal:  [0.891174   0.96986859 0.18248452]
Pos:  [0.968923   1.2642174  0.14760296]
Goal:  [0.8864528  0.94942168 0.18733052]
Pos:  [0.96632946 1.2540115  0.15066692]
Goal:  [0.8817316  0.92897477 0.19217652]
Pos:  [0.9634152  1.2433301  0.15355122]
Goal:  [0.87659239 0.90711885 0.19738118]
Pos:  [0.9604084  1.232109   0.15631717]
Goal:  [0.87145318 0.88526293 0.20258584]
Pos:  [0.9574683  1.2200947  0.15950948]
Goal:  [0.86631398 0.86340701 0.2077905 ]
Pos:  [0.95420724 1.2075706  0.16302352]
Goal:  [0.860746  0.8401838 0.2133496]
Pos:  [0.9504554  1.195017   0.16642684]
Goal:  [0.85517801 0.8169606  0.21890869]
Pos:  [0.9462327  1.1818255  0.16986917]
Goal:  [0.84961003 0.79373739 0.22446778]
Pos:  [0.9416019  1.1678313  0.17302008]
Goal:  [0.84360427 0.76920412 0.23037398]
Pos:  [0.9368136  1.152644   0.17596841]
Goal:  [0.83759851 0.74467086 0.23628019]
Pos:  [0.93217933 1.1367338  0.17906801]
Goal:  [0.83159275 0.72013759 0.24218639]
Pos:  [0.9280576 1.1203264 0.1826617]
Goal:  [0.82514211 0.69436736 0.2484292 ]
Pos:  [0.9242446  1.1036614  0.18650968]
Goal:  [0.81869148 0.66859712 0.25467201]
Pos:  [0.9205019  1.0865625  0.19083579]
Goal:  [0.81224084 0.64282688 0.26091482]
Pos:  [0.91624004 1.0690887  0.19563766]
Goal:  [0.80534029 0.61590883 0.26748052]
Pos:  [0.9117568  1.0509657  0.20027971]
Goal:  [0.79843973 0.58899078 0.27404622]
Pos:  [0.9076025 1.0320504 0.204903 ]
Goal:  [0.79153918 0.56207273 0.28061191]
Pos:  [0.9034612  1.0126208  0.20982017]
Goal:  [0.78418583 0.53411207 0.28748353]
Pos:  [0.89924073 0.9923726  0.21491668]
Goal:  [0.77683249 0.50615142 0.29435516]
Pos:  [0.89481497 0.97114027 0.22046418]
Goal:  [0.76947914 0.47819076 0.30122678]
Pos:  [0.89054084 0.94922745 0.22607452]
Goal:  [0.76167243 0.44930855 0.30838418]
Pos:  [0.88632137 0.9270404  0.23160915]
Goal:  [0.75386572 0.42042634 0.31554158]
Pos:  [0.8817526  0.9048798  0.23727755]
Goal:  [0.74605901 0.39154413 0.32269899]
Pos:  [0.8770856  0.88279605 0.24303156]
Goal:  [0.73780075 0.36187675 0.33011892]
Pos:  [0.8720544  0.86050195 0.24880873]
Goal:  [0.72954249 0.33220938 0.33753884]
Pos:  [0.86728686 0.83843905 0.25460202]
Goal:  [0.72128423 0.30254201 0.34495877]
Pos:  [0.8623942  0.8162525  0.26035872]
Goal:  [0.71257872 0.27224045 0.35261502]
Pos:  [0.857134   0.7936545  0.26614892]
Goal:  [0.70387321 0.24193889 0.36027127]
Pos:  [0.85114014 0.7708705  0.27188548]
Goal:  [0.6951677  0.21163733 0.36792752]
Pos:  [0.8447755  0.74758744 0.277413  ]
Goal:  [0.6860218  0.18086608 0.37579114]
Pos:  [0.8379251  0.72349805 0.2837222 ]
Goal:  [0.6768759  0.15009483 0.38365477]
Pos:  [0.8306722  0.69912714 0.2901395 ]
Goal:  [0.66773    0.11932357 0.39151839]
Pos:  [0.8231537  0.67488813 0.2963709 ]
Goal:  [0.65815316 0.0882592  0.39955798]
Pos:  [0.81547767 0.6504143  0.30265924]
Goal:  [0.64857632 0.05719483 0.40759757]
Pos:  [0.8075097  0.62527484 0.3089559 ]
Goal:  [0.63899948 0.02613046 0.41563716]
Pos:  [0.79913926 0.6000547  0.3154566 ]
Goal:  [ 0.62900379 -0.00504015  0.4238192 ]
Pos:  [0.79092443 0.5745607  0.3218527 ]
Goal:  [ 0.6190081  -0.03621077  0.43200124]
Pos:  [0.7831794  0.5489165  0.32836717]
Goal:  [ 0.60901242 -0.06738139  0.44018328]
Pos:  [0.77566546 0.52308124 0.33448562]
Goal:  [ 0.59861259 -0.09846328  0.4484726 ]
Pos:  [0.7682304  0.4968393  0.34097037]
Goal:  [ 0.58821276 -0.12954517  0.45676192]
Pos:  [0.760971   0.47023174 0.34828687]
Goal:  [ 0.57781293 -0.16062706  0.46505124]
Pos:  [0.7540095  0.44337863 0.35605517]
Goal:  [ 0.56702628 -0.19141982  0.47341153]
Pos:  [0.74701524 0.41599023 0.3638467 ]
Goal:  [ 0.55623963 -0.22221257  0.48177183]
Pos:  [0.7396545 0.38805   0.3712517]
Goal:  [ 0.54545298 -0.25300533  0.49013213]
Pos:  [0.7318278  0.35951588 0.37855667]
Goal:  [ 0.53429936 -0.28330621  0.4985266 ]
Pos:  [0.72410667 0.33071178 0.38620755]
Goal:  [ 0.52314573 -0.31360709  0.50692107]
Pos:  [0.71627074 0.3016368  0.39393762]
Goal:  [ 0.51199211 -0.34390798  0.51531554]
Pos:  [0.708276   0.27222756 0.40161225]
Goal:  [ 0.50049381 -0.37351557  0.52370762]
Pos:  [0.7001779  0.24220876 0.40947762]
Goal:  [ 0.48899551 -0.40312316  0.53209969]
Pos:  [0.6918768  0.21146789 0.41724935]
Goal:  [ 0.47749721 -0.43273075  0.54049177]
Pos:  [0.68340886 0.18018246 0.4251612 ]
Goal:  [ 0.46567901 -0.46144943  0.54884602]
Pos:  [0.6749946  0.14840472 0.43274808]
Goal:  [ 0.4538608  -0.49016811  0.55720027]
Pos:  [0.6664533  0.11641496 0.44021937]
Goal:  [ 0.4420426  -0.51888679  0.56555452]
Pos:  [0.65772307 0.08443456 0.44810832]
Goal:  [ 0.29985421 -0.51522719  0.62529372]
Pos:  [0.6490474  0.05211426 0.45654738]
Goal:  [ 0.28748639 -0.54284867  0.63369522]
Pos:  [0.6402503  0.01961078 0.4658288 ]
Goal:  [ 0.27511856 -0.57047015  0.64209671]
Pos:  [ 0.6314246  -0.01289311  0.47570574]
Goal:  [ 0.26286768 -0.59709022  0.65031399]
Pos:  [ 0.6223218  -0.04536186  0.48538965]
Goal:  [ 0.25061679 -0.62371028  0.65853127]
Pos:  [ 0.61186373 -0.07763334  0.49491608]
Goal:  [ 0.23836591 -0.65033035  0.66674855]
Pos:  [ 0.6005268  -0.10952731  0.5046736 ]
Goal:  [ 0.2263375  -0.67591947  0.67477739]
Pos:  [ 0.5885224  -0.14091448  0.5143233 ]
Goal:  [ 0.21430909 -0.70150858  0.68280622]
Pos:  [ 0.57567036 -0.17200576  0.5241802 ]
Goal:  [ 0.20228069 -0.7270977   0.69083506]
Pos:  [ 0.5621435  -0.20271412  0.53411007]
Goal:  [ 0.19058212 -0.75162597  0.69867116]
Pos:  [ 0.5482512  -0.23287933  0.5441435 ]
Goal:  [ 0.17888356 -0.77615425  0.70650725]
Pos:  [ 0.53372705 -0.26236665  0.5539256 ]
Goal:  [ 0.16718499 -0.80068252  0.71434335]
Pos:  [ 0.5188275  -0.29118934  0.5635528 ]
Goal:  [ 0.15592499 -0.82411987  0.72198233]
Pos:  [ 0.5034626  -0.31967592  0.5733149 ]
Goal:  [ 0.14466499 -0.84755721  0.72962132]
Pos:  [ 0.48745474 -0.34774876  0.5834104 ]
Goal:  [ 0.13340499 -0.87099455  0.73726031]
Pos:  [ 0.47121456 -0.37520483  0.5930281 ]
Goal:  [ 0.12269307 -0.89331087  0.74469779]
Pos:  [ 0.45469743 -0.402334    0.6022852 ]
Goal:  [ 0.11198116 -0.91562718  0.75213526]
Pos:  [ 0.4380277 -0.4290957  0.6111341]
Goal:  [ 0.10126924 -0.93794349  0.75957274]
Pos:  [ 0.42080083 -0.45524782  0.619734  ]
Goal:  [ 0.0912151  -0.95910887  0.7668043 ]
Pos:  [ 0.40306926 -0.48063737  0.62835   ]
Goal:  [ 0.08116096 -0.98027426  0.77403585]
Pos:  [ 0.38514215 -0.50534767  0.6371059 ]
Goal:  [ 0.07110682 -1.00143964  0.78126741]
Pos:  [ 0.36715096 -0.52970386  0.64562917]
Goal:  [ 0.06181956 -1.02142463  0.78828863]
Pos:  [ 0.34864712 -0.55381763  0.65447986]
Goal:  [ 0.0525323  -1.04140963  0.79530986]
Pos:  [ 0.3298499  -0.57800764  0.6632946 ]
Goal:  [ 0.04324505 -1.06139462  0.80233109]
Pos:  [ 0.3111951 -0.6021346  0.6722619]
Goal:  [ 0.0348324  -1.08017047  0.80913763]
Pos:  [ 0.29252088 -0.62639594  0.6815881 ]
Goal:  [ 0.02641975 -1.09894633  0.81594417]
Pos:  [ 0.27440053 -0.6507616   0.69101787]
Goal:  [ 0.0180071  -1.11772219  0.82275071]
Pos:  [ 0.25696892 -0.6749351   0.69998497]
Goal:  [ 0.01057449 -1.13526116  0.82933829]
Pos:  [ 0.2401149  -0.69926417  0.7089092 ]
Goal:  [ 0.00314187 -1.15280013  0.83592587]
Pos:  [ 0.22370577 -0.7235312   0.7172825 ]
Goal:  [-0.00429074 -1.1703391   0.84251344]
Pos:  [ 0.20746884 -0.74752474  0.72563124]
Goal:  [-0.01064118 -1.18661477  0.84887789]
Pos:  [ 0.19149116 -0.7711818   0.7337256 ]
Goal:  [-0.01699161 -1.20289043  0.85524234]
Pos:  [ 0.17586842 -0.7949362   0.74174815]
Goal:  [-0.02334205 -1.2191661   0.86160679]
Pos:  [ 0.16115272 -0.8185638   0.7494659 ]
Goal:  [-0.02851252 -1.2341537   0.8677441 ]
Pos:  [ 0.14733718 -0.8422187   0.75713533]
Goal:  [-0.03368299 -1.24914129  0.87388142]
Pos:  [ 0.13413322 -0.86543024  0.76476884]
Goal:  [-0.03885346 -1.26412889  0.88001873]
Pos:  [ 0.12155445 -0.8885981   0.77253544]
Goal:  [-0.04275167 -1.27780569  0.88592509]
Pos:  [ 0.10936002 -0.91177034  0.78026617]
Goal:  [-0.04664988 -1.29148249  0.89183146]
Pos:  [ 0.09791712 -0.9349039   0.7880872 ]
Goal:  [-0.05054809 -1.30515929  0.89773782]
Pos:  [ 0.08703859 -0.95794415  0.79582846]
Goal:  [-0.05308844 -1.31750497  0.90340967]
Pos:  [ 0.07665336 -0.9808645   0.80319285]
Goal:  [-0.05562879 -1.32985065  0.90908152]
Pos:  [ 0.06687003 -1.003707    0.810315  ]
Goal:  [-0.05816914 -1.34219633  0.91475337]
Pos:  [ 0.05778624 -1.0263814   0.8171441 ]
Goal:  [-0.05927399 -1.35319338  0.92018742]
Pos:  [ 0.04940542 -1.0488976   0.8238852 ]
Goal:  [-0.06037884 -1.36419042  0.92562147]
Pos:  [ 0.04174954 -1.0711842   0.8306599 ]
Goal:  [-0.06148369 -1.37518746  0.93105553]
Pos:  [ 0.03485034 -1.0931652   0.83757806]
Goal:  [-0.06108465 -1.38482156  0.93624884]
Pos:  [ 0.02823917 -1.1151112   0.84423006]
Goal:  [-0.06068561 -1.39445567  0.94144215]
Pos:  [ 0.02192603 -1.1368221   0.8503989 ]
Goal:  [-0.06028658 -1.40408977  0.94663546]
Pos:  [ 0.01635028 -1.1583226   0.8562402 ]
Goal:  [-0.05832587 -1.41235026  0.95158547]
Pos:  [ 0.01111385 -1.1793134   0.8620596 ]
Goal:  [-0.05636516 -1.42061075  0.95653548]
Pos:  [ 0.0060952  -1.2000141   0.86830205]
Goal:  [-0.05440446 -1.42887124  0.96148549]
Pos:  [ 0.00172195 -1.2205776   0.87466615]
Goal:  [-0.05083625 -1.4357515   0.96619007]
Pos:  [-0.00237867 -1.2406745   0.88080233]
Goal:  [-0.04726804 -1.44263175  0.97089465]
Pos:  [-0.00620341 -1.2601762   0.88710856]
Goal:  [-0.04369983 -1.44951201  0.97559922]
Pos:  [-0.00972678 -1.2790986   0.8934091 ]
Goal:  [-0.0384916  -1.45500986  0.98005672]
Pos:  [-0.01231478 -1.297919    0.89945316]
Goal:  [-0.03328337 -1.46050772  0.98451421]
Pos:  [-0.01482214 -1.3163128   0.90518236]
Goal:  [-0.02807514 -1.46600558  0.98897171]
Pos:  [-0.01694561 -1.3341335   0.91066563]
Goal:  [-0.02120904 -1.47012375  0.993181  ]
Pos:  [-0.01918631 -1.3513174   0.9165031 ]
Goal:  [-0.01434294 -1.47424192  0.99739028]
Pos:  [-0.02129098 -1.36793     0.92256904]
Goal:  [-0.00747684 -1.47836009  1.00159957]
Pos:  [-0.02316909 -1.3838105   0.92849773]
Goal:  [ 1.04899912e-03 -1.48110656e+00  1.00556010e+00]
Pos:  [-0.02505407 -1.3988894   0.93458074]
Goal:  [ 0.00957484 -1.48385302  1.00952062]
Pos:  [-0.02691447 -1.4129225   0.9407394 ]
Goal:  [ 0.01810068 -1.48659948  1.01348114]
Pos:  [-0.02865145 -1.4259999   0.94689804]
Goal:  [ 0.02827086 -1.48798786  1.01719296]
Pos:  [-0.02982201 -1.437775    0.9528381 ]
Goal:  [ 0.03844105 -1.48937624  1.02090477]
Pos:  [-0.03058614 -1.4489408   0.9585526 ]
Goal:  [ 0.04861124 -1.49076461  1.02461658]
Pos:  [-0.03114211 -1.4592608   0.9643696 ]
Goal:  [ 0.06039191 -1.49081451  1.02808039]
Pos:  [-0.0315513 -1.4687016  0.9697522]
Goal:  [ 0.07217259 -1.49086441  1.0315442 ]
Pos:  [-0.03190277 -1.4769975   0.9743908 ]
Goal:  [ 0.08395327 -1.4909143   1.03500801]
Pos:  [-0.0322217 -1.4847634  0.9790732]
Goal:  [ 0.09729101 -1.48965162  1.0382252 ]
Pos:  [-0.03222604 -1.4915822   0.98365813]
Goal:  [ 0.11062874 -1.48838895  1.04144238]
Pos:  [-0.03204304 -1.4976022   0.98866737]
Goal:  [ 0.12396648 -1.48712627  1.04465957]
Pos:  [-0.03162439 -1.5030107   0.99361014]
Goal:  [ 0.13878727 -1.4845835   1.04763223]
Pos:  [-0.03065688 -1.5082421   0.9981044 ]
Goal:  [ 0.15360806 -1.48204073  1.05060489]
Pos:  [-0.02899809 -1.5136688   1.002218  ]
Goal:  [ 0.16842885 -1.47949796  1.05357755]
Pos:  [-0.02736959 -1.518701    1.00632   ]
Goal:  [ 0.18463724 -1.47571437  1.0563085 ]
Pos:  [-0.02530467 -1.5237892   1.0105116 ]
Goal:  [ 0.20084563 -1.47193078  1.05903945]
Pos:  [-0.02266913 -1.5289432   1.0148164 ]
Goal:  [ 0.21705402 -1.46814718  1.0617704 ]
Pos:  [-0.01968629 -1.5338578   1.0188671 ]
Goal:  [ 0.23453243 -1.46316899  1.0642632 ]
Pos:  [-0.01632155 -1.5382465   1.0230274 ]
Goal:  [ 0.25201084 -1.45819079  1.06675601]
Pos:  [-0.01241316 -1.5423878   1.0272001 ]
Goal:  [ 0.26948925 -1.45321259  1.06924881]
Pos:  [-0.00788354 -1.5465025   1.0312797 ]
Goal:  [ 0.28809745 -1.44709305  1.07150778]
Pos:  [-0.00232194 -1.5503173   1.0350618 ]
Goal:  [ 0.30670564 -1.44097351  1.07376675]
Pos:  [ 0.00366089 -1.5535011   1.0389754 ]
Goal:  [ 0.32531384 -1.43485397  1.07602571]
Pos:  [ 0.01048049 -1.5562376   1.0430361 ]
Goal:  [ 0.34488867 -1.4276534   1.07805589]
Pos:  [ 0.01805447 -1.5585263   1.0468069 ]
Goal:  [ 0.3644635  -1.42045283  1.08008606]
Pos:  [ 0.02645644 -1.5605232   1.0501298 ]
Goal:  [ 0.38403833 -1.41325227  1.08211623]
Pos:  [ 0.03538163 -1.5624484   1.0532912 ]
Goal:  [ 0.40439368 -1.40503796  1.08392337]
Pos:  [ 0.04517889 -1.5641718   1.0563142 ]
Goal:  [ 0.42474902 -1.39682366  1.08573051]
Pos:  [ 0.05564145 -1.565769    1.0591443 ]
Goal:  [ 0.44510437 -1.38860936  1.08753765]
Pos:  [ 0.06723045 -1.5670751   1.062047  ]
Goal:  [ 0.46603141 -1.37945543  1.08912821]
Pos:  [ 0.07985295 -1.5679196   1.0650983 ]
Goal:  [ 0.48695845 -1.37030149  1.09071876]
Pos:  [ 0.09328999 -1.5687113   1.0684898 ]
Goal:  [ 0.50788548 -1.36114755  1.09230932]
Pos:  [ 0.10741583 -1.5692074   1.0716059 ]
Goal:  [ 0.52915324 -1.35113459  1.09369039]
Pos:  [ 0.12209156 -1.5695152   1.0748035 ]
Goal:  [ 0.550421   -1.34112164  1.09507145]
Pos:  [ 0.13748029 -1.5693841   1.0781574 ]
Goal:  [ 0.57168875 -1.33110868  1.09645252]
Pos:  [ 0.15351003 -1.5685736   1.0813663 ]
Goal:  [ 0.59304503 -1.32032343  1.09763176]
Pos:  [ 0.17041641 -1.5670079   1.0840449 ]
Goal:  [ 0.61440131 -1.30953817  1.098811  ]
Pos:  [ 0.18802433 -1.5646069   1.086394  ]
Goal:  [ 0.63575759 -1.29875292  1.09999024]
Pos:  [ 0.20585763 -1.5615641   1.0885442 ]
Goal:  [ 0.65693026 -1.28728767  1.10097583]
Pos:  [ 0.22418657 -1.558025    1.0901817 ]
Goal:  [ 0.67810294 -1.27582241  1.10196141]
Pos:  [ 0.24307397 -1.5541711   1.0920177 ]
Goal:  [ 0.69927562 -1.26435716  1.102947  ]
Pos:  [ 0.26210204 -1.5495985   1.0939233 ]
Goal:  [ 0.71997438 -1.25230907  1.1037475 ]
Pos:  [ 0.28129986 -1.5444183   1.0960635 ]
Goal:  [ 0.74067314 -1.24026099  1.10454799]
Pos:  [ 0.30059052 -1.5390236   1.0984006 ]
Goal:  [ 0.76137191 -1.22821291  1.10534849]
Pos:  [ 0.32012025 -1.532926    1.1006032 ]
Goal:  [ 0.78129044 -1.2156832   1.10597275]
Pos:  [ 0.3394055 -1.5266029  1.1024911]
Goal:  [ 0.80120897 -1.20315349  1.10659701]
Pos:  [ 0.35848778 -1.5199703   1.1043279 ]
Goal:  [ 0.82112751 -1.19062378  1.10722127]
Pos:  [ 0.3774845 -1.5131986  1.105968 ]
Goal:  [ 0.83994619 -1.17771667  1.10767828]
Pos:  [ 0.39606047 -1.506449    1.1077306 ]
Goal:  [ 0.85876487 -1.16480956  1.10813529]
Pos:  [ 0.4142046 -1.4997712  1.1096457]
Goal:  [ 0.87758356 -1.15190244  1.10859231]
Pos:  [ 0.43253022 -1.4926587   1.1113569 ]
Goal:  [ 0.89497271 -1.13872394  1.10889103]
Pos:  [ 0.45116267 -1.4849318   1.1128817 ]
Goal:  [ 0.91236186 -1.12554543  1.10918975]
Pos:  [ 0.4697598 -1.4772092  1.1142079]
Goal:  [ 0.84436512 -1.04585398  1.10349059]
Pos:  [ 0.4879421 -1.4688985  1.115393 ]
Goal:  [ 0.85989667 -1.03243872  1.10363329]
Pos:  [ 0.50597936 -1.460208    1.1165942 ]
Goal:  [ 0.87542823 -1.01902346  1.10377599]
Pos:  [ 0.5234776 -1.4511675  1.1179254]
Goal:  [ 0.89095979 -1.00560819  1.1039187 ]
Pos:  [ 0.5409121 -1.4416722  1.1191385]
Goal:  [ 0.90448147 -0.99219939  1.10392602]
Pos:  [ 0.55841064 -1.4317386   1.1199784 ]
Goal:  [ 0.91800315 -0.97879059  1.10393334]
Pos:  [ 0.57597417 -1.4211968   1.120881  ]
Goal:  [ 0.93152483 -0.96538178  1.10394066]
Pos:  [ 0.59320754 -1.4099038   1.1219829 ]
Goal:  [ 0.9428904  -0.95202918  1.10381198]
Pos:  [ 0.60976315 -1.3978646   1.1231254 ]
Goal:  [ 0.95425597 -0.93867658  1.10368329]
Pos:  [ 0.6259732 -1.3854252  1.1238463]
Goal:  [ 0.96562154 -0.92532398  1.10355461]
Pos:  [ 0.64187646 -1.3729391   1.1240002 ]
Goal:  [ 0.97489491 -0.91201357  1.10327939]
Pos:  [ 0.65787995 -1.3601894   1.1242926 ]
Goal:  [ 0.98416828 -0.89870317  1.10300417]
Pos:  [ 0.6735327 -1.3470507  1.1245278]
Goal:  [ 0.99344165 -0.88539277  1.10272895]
Pos:  [ 0.68855935 -1.3336083   1.1247507 ]
Goal:  [ 1.0007005  -0.87210691  1.10229606]
Pos:  [ 0.70319426 -1.3200251   1.1248531 ]
Goal:  [ 1.00795934 -0.85882106  1.10186317]
Pos:  [ 0.7177123 -1.3063014  1.1249757]
Goal:  [ 1.01521818 -0.8455352   1.10143029]
Pos:  [ 0.7318067 -1.292446   1.1249738]
Goal:  [ 1.02054231 -0.83225615  1.10082858]
Pos:  [ 0.7456605 -1.2784307  1.1251491]
Goal:  [ 1.02586645 -0.8189771   1.10022688]
Pos:  [ 0.75939465 -1.264548    1.1255513 ]
Goal:  [ 1.03119059 -0.80569805  1.09962518]
Pos:  [ 0.7729099 -1.2507572  1.1261723]
Goal:  [ 1.03466197 -0.79240804  1.09884354]
Pos:  [ 0.78621304 -1.2370243   1.1263717 ]
Goal:  [ 1.03813336 -0.77911803  1.09806191]
Pos:  [ 0.79951054 -1.2228903   1.1262753 ]
Goal:  [ 1.04160475 -0.76582802  1.09728027]
Pos:  [ 0.8125011 -1.2083243  1.1260967]
Goal:  [ 1.04330742 -0.75250935  1.09630765]
Pos:  [ 0.8251901 -1.1933213  1.125895 ]
Goal:  [ 1.0450101  -0.73919067  1.09533503]
Pos:  [ 0.8373428 -1.1783572  1.125826 ]
Goal:  [ 1.04671277 -0.72587199  1.09436242]
Pos:  [ 0.84904253 -1.1637894   1.1254389 ]
Goal:  [ 1.0467328  -0.71250705  1.0931879 ]
Pos:  [ 0.86030877 -1.1489608   1.1245399 ]
Goal:  [ 1.04675283 -0.69914211  1.09201339]
Pos:  [ 0.8710994 -1.1339376  1.1238391]
Goal:  [ 1.04677285 -0.68577718  1.09083887]
Pos:  [ 0.88091224 -1.1187243   1.1231244 ]
Goal:  [ 1.04519824 -0.6723486   1.08945173]
Pos:  [ 0.89018255 -1.1036947   1.122308  ]
Goal:  [ 1.04362363 -0.65892003  1.08806459]
Pos:  [ 0.8987516 -1.0886801  1.1215448]
Goal:  [ 1.04204901 -0.64549146  1.08667745]
Pos:  [ 0.9066769 -1.0733163  1.1207993]
Goal:  [ 1.03896962 -0.63198218  1.08506722]
Pos:  [ 0.9141579 -1.0578438  1.1198187]
Goal:  [ 1.03589023 -0.6184729   1.08345698]
Pos:  [ 0.92076737 -1.042289    1.1191962 ]
Goal:  [ 1.03281084 -0.60496362  1.08184675]
Pos:  [ 0.9267403 -1.026796   1.1190969]
Goal:  [ 1.02831828 -0.59135698  1.08000327]
Pos:  [ 0.9322564 -1.0115354  1.1191517]
Goal:  [ 1.02382572 -0.57775035  1.0781598 ]
Pos:  [ 0.9372525 -0.9969273  1.1192005]
Goal:  [ 1.01933316 -0.56414371  1.07631632]
Pos:  [ 0.94194585 -0.98292536  1.1187656 ]
Goal:  [ 1.01352067 -0.55042358  1.07422986]
Pos:  [ 0.94635415 -0.9690355   1.1178703 ]
Goal:  [ 1.00770817 -0.53670345  1.0721434 ]
Pos:  [ 0.9502585 -0.9550784  1.1168399]
Goal:  [ 1.00189567 -0.52298332  1.07005693]
Pos:  [ 0.9537443 -0.9411246  1.1160161]
Goal:  [ 0.99485794 -0.50913422  1.06771823]
Pos:  [ 0.9569892  -0.92722046  1.1154321 ]
Goal:  [ 0.9878202  -0.49528512  1.06537952]
Pos:  [ 0.9598357 -0.9132381  1.1149826]
Goal:  [ 0.98078247 -0.48143601  1.06304082]
Pos:  [ 0.9620632 -0.8990998  1.1142721]
Goal:  [ 0.97261551 -0.46744323  1.06044118]
Pos:  [ 0.96389073 -0.88497245  1.1133363 ]
Goal:  [ 0.96444855 -0.45345044  1.05784154]
Pos:  [ 0.9655637 -0.8711268  1.1120068]
Goal:  [ 0.95628159 -0.43945765  1.05524191]
Pos:  [ 0.9665718  -0.85737383  1.1108121 ]
Goal:  [ 0.94708254 -0.4253074   1.05237332]
Pos:  [ 0.9671374  -0.84396404  1.1095766 ]
Goal:  [ 0.9378835  -0.41115714  1.04950473]
Pos:  [ 0.9677734 -0.8306885  1.107925 ]
Goal:  [ 0.92868445 -0.39700688  1.04663614]
Pos:  [ 0.9683545  -0.81760615  1.1058751 ]
Goal:  [ 0.91855138 -0.38268642  1.04349134]
Pos:  [ 0.96883273 -0.80433583  1.1036683 ]
Goal:  [ 0.90841832 -0.36836596  1.04034654]
Pos:  [ 0.96902615 -0.79079634  1.1013709 ]
Goal:  [ 0.89828525 -0.3540455   1.03720173]
Pos:  [ 0.9691835 -0.7769416  1.0988144]
Goal:  [ 0.88731694 -0.33954333  1.03377432]
Pos:  [ 0.9689711 -0.7625483  1.0964614]
Goal:  [ 0.87634862 -0.32504116  1.03034691]
Pos:  [ 0.96841514 -0.74771065  1.094505  ]
Goal:  [ 0.86538031 -0.31053899  1.0269195 ]
Pos:  [ 0.9671849 -0.7327475  1.0924872]
Goal:  [ 0.85367598 -0.29584498  1.02320406]
Pos:  [ 0.96556485 -0.71761894  1.0903263 ]
Goal:  [ 0.84197165 -0.28115097  1.01948861]
Pos:  [ 0.96347535 -0.7022794   1.0879828 ]
Goal:  [ 0.83026732 -0.26645696  1.01577316]
Pos:  [ 0.9610009  -0.68664294  1.0856373 ]
Goal:  [ 0.81792641 -0.25156253  1.01176534]
Pos:  [ 0.95824254 -0.6711475   1.0830885 ]
Goal:  [ 0.8055855  -0.2366681   1.00775751]
Pos:  [ 0.954972  -0.6552431  1.0803709]
Goal:  [ 0.79324459 -0.22177367  1.00374968]
Pos:  [ 0.95115113 -0.63920534  1.0775139 ]
Goal:  [ 0.78036646 -0.20667197  0.99944632]
Pos:  [ 0.94688696 -0.6230859   1.0749205 ]
Goal:  [ 0.76748833 -0.19157027  0.99514296]
Pos:  [ 0.9420287  -0.60639703  1.0722961 ]
Goal:  [ 0.7546102  -0.17646858  0.9908396 ]
Pos:  [ 0.9365891 -0.589698   1.0696826]
Goal:  [ 0.74129383 -0.16115467  0.98623886]
Pos:  [ 0.9302555  -0.57270914  1.0668727 ]
Goal:  [ 0.72797746 -0.14584076  0.98163813]
Pos:  [ 0.9239944 -0.5558621  1.0642042]
Goal:  [ 0.7146611  -0.13052685  0.97703739]
Pos:  [ 0.91719556 -0.53906304  1.0614579 ]
Goal:  [ 0.70100477 -0.11499789  0.97213887]
Pos:  [ 0.9104902 -0.5223689  1.0582187]
Goal:  [ 0.68734845 -0.09946893  0.96724035]
Pos:  [ 0.9032782  -0.50600606  1.0553014 ]
Goal:  [ 0.67369213 -0.08393997  0.96234183]
Pos:  [ 0.8961269  -0.49019843  1.0524409 ]
Goal:  [ 0.6597931  -0.06819542  0.95714665]
Pos:  [ 0.88867396 -0.47428545  1.0493296 ]
Goal:  [ 0.64589407 -0.05245086  0.95195148]
Pos:  [ 0.88113505 -0.4587478   1.0460426 ]
Goal:  [ 0.63199504 -0.0367063   0.94675631]
Pos:  [ 0.8728077  -0.44360158  1.0421635 ]
Goal:  [ 0.61794916 -0.02074808  0.9412673 ]
Pos:  [ 0.8638067  -0.42885503  1.0383059 ]
Goal:  [ 0.60390327 -0.00478986  0.93577828]
Pos:  [ 0.85440654 -0.41429204  1.0348788 ]
Goal:  [0.58985739 0.01116835 0.93028927]
Pos:  [ 0.8448977  -0.40019462  1.0314565 ]
Goal:  [0.57575874 0.02733559 0.92451102]
Pos:  [ 0.8348232  -0.38674766  1.0278529 ]
Goal:  [0.56166008 0.04350284 0.91873277]
Pos:  [ 0.82413065 -0.37365907  1.024318  ]
Goal:  [0.54756143 0.05967008 0.91295452]
Pos:  [ 0.813382   -0.36071905  1.0210053 ]
Goal:  [0.53350192 0.07603881 0.90689356]
Pos:  [ 0.80267704 -0.34726006  1.0174116 ]
Goal:  [0.51944241 0.09240755 0.9008326 ]
Pos:  [ 0.79144233 -0.3340778   1.0131347 ]
Goal:  [0.5053829  0.10877628 0.89477163]
Pos:  [ 0.7801623 -0.3204553  1.0083575]
Goal:  [0.49145187 0.12533588 0.88843652]
Pos:  [ 0.76847684 -0.30649808  1.0032961 ]
Goal:  [0.47752084 0.14189548 0.8821014 ]
Pos:  [ 0.7565264  -0.29247835  0.99838084]
Goal:  [0.46358981 0.15845508 0.87576628]
Pos:  [ 0.7444725  -0.27840275  0.99369735]
Goal:  [0.44987359 0.1751916  0.86916773]
Pos:  [ 0.7321689  -0.26392418  0.98926854]
Goal:  [0.43615737 0.19192812 0.86256917]
Pos:  [ 0.71912795 -0.24896984  0.98469156]
Goal:  [0.42244114 0.20866464 0.85597062]
Pos:  [ 0.7057296  -0.23361108  0.98007417]
Goal:  [0.4090226  0.22556063 0.84912162]
Pos:  [ 0.6920472  -0.21766318  0.9756508 ]
Goal:  [0.39560406 0.24245661 0.84227262]
Pos:  [ 0.6780057 -0.2012455  0.9707251]
Goal:  [0.38218552 0.2593526  0.83542363]
Pos:  [ 0.66374505 -0.18403395  0.96538466]
Goal:  [0.36914362 0.27638687 0.82833957]
Pos:  [ 0.64939964 -0.16626453  0.96000135]
Goal:  [0.35610171 0.29342115 0.82125551]
Pos:  [ 0.6352894  -0.14822514  0.9543971 ]
Goal:  [0.3430598  0.31045543 0.81417145]
Pos:  [ 0.620831   -0.12957071  0.94852513]
Goal:  [0.33046909 0.32760289 0.80687021]
Pos:  [ 0.6061233  -0.11072092  0.9423087 ]
Goal:  [0.31787838 0.34475036 0.79956898]
Pos:  [ 0.5915455  -0.09189588  0.9358739 ]
Goal:  [0.30528767 0.36189783 0.79226774]
Pos:  [ 0.57746476 -0.07312579  0.9295096 ]
Goal:  [0.29321782 0.37912927 0.78476981]
Pos:  [ 0.56391484 -0.05413755  0.9230665 ]
Goal:  [0.28114798 0.39636071 0.77727187]
Pos:  [ 0.5504828  -0.03517146  0.9164567 ]
Goal:  [0.26907813 0.41359214 0.76977394]
Pos:  [ 0.5371023 -0.0156449  0.9101237]
Goal:  [0.25759343 0.43087401 0.76210249]
Pos:  [0.5238446  0.00392539 0.9040936 ]
Goal:  [0.24610873 0.44815588 0.75443104]
Pos:  [0.51026773 0.02353276 0.8981703 ]
Goal:  [0.23462404 0.46543776 0.74675959]
Pos:  [0.4963956  0.04348762 0.8918186 ]
Goal:  [0.22378286 0.48273202 0.73894059]
Pos:  [0.48234728 0.06343056 0.885522  ]
Goal:  [0.21294168 0.50002628 0.7311216 ]
Pos:  [0.46843913 0.08354416 0.8790571 ]
Goal:  [0.2021005  0.51732054 0.7233026 ]
Pos:  [0.4547948  0.10349271 0.87242335]
Goal:  [0.19195479 0.53458447 0.7153649 ]
Pos:  [0.4413894 0.1233224 0.8657443]
Goal:  [0.18180907 0.5518484  0.7074272 ]
Pos:  [0.4280076  0.14303523 0.85906184]
Goal:  [0.17166335 0.56911232 0.6994895 ]
Pos:  [0.4146896  0.16225575 0.85244656]
Goal:  [0.16225806 0.58629834 0.69146487]
Pos:  [0.40136886 0.18106802 0.8459346 ]
Goal:  [0.15285276 0.60348435 0.68344024]
Pos:  [0.3883623  0.19990247 0.8392435 ]
Goal:  [0.14344747 0.62067036 0.67541561]
Pos:  [0.37543646 0.21825586 0.83238524]
Goal:  [0.13482004 0.63772586 0.66733883]
Pos:  [0.36303285 0.23596601 0.82500815]
Goal:  [0.12619262 0.65478136 0.65926204]
Pos:  [0.35130522 0.25347877 0.81730646]
Goal:  [0.11756519 0.67183686 0.65118526]
Pos:  [0.3397225  0.27079424 0.80923885]
Goal:  [0.10974501 0.68870409 0.64309415]
Pos:  [0.3285657  0.28776458 0.80111784]
Goal:  [0.10192482 0.70557132 0.63500305]
Pos:  [0.31822342 0.30467772 0.79313207]
Goal:  [0.09410464 0.72243855 0.62691194]
Pos:  [0.30808386 0.32128677 0.7856425 ]
Goal:  [0.08711243 0.73905444 0.6188474 ]
Pos:  [0.29809678 0.33754376 0.7788633 ]
Goal:  [0.08012022 0.75567034 0.61078287]
Pos:  [0.2884642  0.35382214 0.771874  ]
Goal:  [0.07173423 0.73927869 0.5992736 ]
Pos:  [0.27839068 0.37005168 0.7644982 ]
Goal:  [0.06555897 0.75504017 0.59122384]
Pos:  [0.26802328 0.38639718 0.75683343]
Goal:  [0.0593837  0.77080166 0.58317409]
Pos:  [0.2578251  0.40271088 0.7491964 ]
Goal:  [0.05320844 0.78656314 0.57512434]
Pos:  [0.24819483 0.41894445 0.741984  ]
Goal:  [0.04787481 0.80193872 0.56719308]
Pos:  [0.23844063 0.43514878 0.7342963 ]
Goal:  [0.04254118 0.8173143  0.55926182]
Pos:  [0.228673   0.45137805 0.72638565]
Goal:  [0.03720755 0.83268988 0.55133056]
Pos:  [0.21894161 0.46763882 0.7183229 ]
Goal:  [0.03270714 0.84760338 0.54356832]
Pos:  [0.20935582 0.483568   0.71032274]
Goal:  [0.02820673 0.86251687 0.53580609]
Pos:  [0.19997312 0.49971744 0.70281684]
Goal:  [0.02370632 0.87743037 0.52804385]
Pos:  [0.19041273 0.51591104 0.6952491 ]
Goal:  [0.02001982 0.89180013 0.52050424]
Pos:  [0.18103553 0.532258   0.6873869 ]
Goal:  [0.01633333 0.90616989 0.51296463]
Pos:  [0.17187189 0.54848653 0.67923105]
Goal:  [0.01264683 0.92053964 0.50542502]
Pos:  [0.1626497  0.56463027 0.6712138 ]
Goal:  [0.00974349 0.93427851 0.49816463]
Pos:  [0.15358904 0.5803678  0.66330063]
Goal:  [0.00684015 0.94801738 0.49090424]
Pos:  [0.14461255 0.5959242  0.65562415]
Goal:  [0.00393681 0.96175625 0.48364385]
Pos:  [0.1357481 0.611769  0.6478993]
Goal:  [0.00177385 0.97477154 0.47672221]
Pos:  [0.12714241 0.62774247 0.64007324]
Goal:  [-3.89114247e-04  9.87786835e-01  4.69800562e-01]
Pos:  [0.11891952 0.6439797  0.63277084]
Goal:  [-0.00255208  1.00080213  0.46287892]
Pos:  [0.11119839 0.66056186 0.62522084]
Goal:  [-0.00403003  1.01299563  0.45635836]
Pos:  [0.10364597 0.67707086 0.617056  ]
Goal:  [-0.00550798  1.02518913  0.4498378 ]
Pos:  [0.09629244 0.69347847 0.60877186]
Goal:  [-0.00698592  1.03738264  0.44331724]
Pos:  [0.08898778 0.7094684  0.600416  ]
Goal:  [-0.00784734  1.04865064  0.43726279]
Pos:  [0.08231513 0.72515965 0.59262985]
Goal:  [-0.00870876  1.05991865  0.43120834]
Pos:  [0.07609877 0.7408987  0.5852024 ]
Goal:  [-0.00957017  1.07118666  0.42515389]
Pos:  [0.06995226 0.7570525  0.5775769 ]
Goal:  [-0.00989721  1.08142003  0.41963308]
Pos:  [0.06358118 0.77354455 0.5700499 ]
Goal:  [-0.01022424  1.0916534   0.41411228]
Pos:  [0.05753163 0.78993636 0.5628411 ]
Goal:  [-0.01055127  1.10188677  0.40859147]
Pos:  [0.05159465 0.80610454 0.5556404 ]
Goal:  [-0.01044026  1.11097103  0.40367418]
Pos:  [0.04593949 0.822417   0.54833335]
Goal:  [-0.01032925  1.12005528  0.3987569 ]
Pos:  [0.04077582 0.8387303  0.5413359 ]
Goal:  [-0.01021824  1.12913953  0.39383961]
Pos:  [0.03594343 0.8548155  0.534708  ]
Goal:  [-0.00978022  1.13695496  0.38959781]
Pos:  [0.03154515 0.8705325  0.5284111 ]
Goal:  [-0.00934221  1.1447704   0.38535601]
Pos:  [0.02729447 0.8859929  0.522299  ]
Goal:  [-0.0089042   1.15258583  0.38111421]
Pos:  [0.02359424 0.90139467 0.5160204 ]
Goal:  [-0.00826543  1.15900769  0.37762172]
Pos:  [0.01989636 0.91641724 0.509808  ]
Goal:  [-0.00762666  1.16542954  0.37412923]
Pos:  [0.01640625 0.9311353  0.50356966]
Goal:  [-0.00698789  1.1718514   0.37063674]
Pos:  [0.01285465 0.94549495 0.49735603]
Goal:  [-0.00629029  1.17675007  0.36796893]
Pos:  [0.00937943 0.9598721  0.49118078]
Goal:  [-0.00559269  1.18164874  0.36530112]
Pos:  [0.00590764 0.97379094 0.4848722 ]
Goal:  [-0.00489509  1.18654741  0.36263331]
Pos:  [0.00301436 0.9873043  0.4788117 ]
Goal:  [-0.00429671  1.18978865  0.36086676]
Pos:  [6.0186212e-05 1.0006499e+00 4.7334379e-01]
Goal:  [-0.00369834  1.1930299   0.35910021]
Pos:  [-0.00279629  1.0138035   0.4679516 ]
Goal:  [-0.00309996  1.19627115  0.35733366]
Pos:  [-0.00547423  1.0263486   0.46295962]
Goal:  [-0.00277544  1.19771641  0.35654581]
Pos:  [-0.00781854  1.0386883   0.45827878]
Goal:  [-0.00245092  1.19916167  0.35575797]
Pos:  [-0.00994963  1.0506724   0.45365494]
Goal:  [-0.00212639  1.20060693  0.35497012]
Pos:  [-0.01217582  1.0618813   0.44894215]
Goal:  [-0.00225196  1.20013025  0.35522986]
Pos:  [-0.01413313  1.0727319   0.44406348]
Goal:  [-0.00237752  1.19965357  0.35548959]
Pos:  [-0.01590271  1.0826871   0.4398171 ]
Goal:  [-0.00250308  1.19917688  0.35574933]
Pos:  [-0.01753512  1.0919203   0.43589306]
Goal:  [-0.003132    1.19679738  0.35704562]
Pos:  [-0.01908399  1.1003605   0.43246976]
Goal:  [-0.00376092  1.19441788  0.35834191]
Pos:  [-0.02039304  1.1083041   0.4288345 ]
Goal:  [-0.00438984  1.19203838  0.35963821]
Pos:  [-0.02206125  1.115376    0.42543438]
Goal:  [-0.00550633  1.18785411  0.36191703]
Pos:  [-0.02375288  1.1220713   0.42271614]
Goal:  [-0.00662282  1.18366984  0.36419586]
Pos:  [-0.02504027  1.1285524   0.42015132]
Goal:  [-0.0077393   1.17948557  0.36647468]
Pos:  [-0.02633775  1.1347492   0.41822124]
Goal:  [-0.00932615  1.17359815  0.36968008]
Pos:  [-0.02747489  1.1403426   0.41687372]
Goal:  [-0.010913    1.16771072  0.37288548]
Pos:  [-0.02877341  1.1456755   0.41541073]
Goal:  [-0.01249984  1.1618233   0.37609088]
Pos:  [-0.03031239  1.1510687   0.41405216]
Goal:  [-0.014539    1.15433712  0.38016538]
Pos:  [-0.03196471  1.1564426   0.41322756]
Goal:  [-0.01657816  1.14685094  0.38423988]
Pos:  [-0.03352384  1.1614782   0.41267455]
Goal:  [-0.01861732  1.13936477  0.38831437]
Pos:  [-0.03517628  1.1663111   0.41207567]
Goal:  [-0.02108988  1.1303869   0.39319906]
Pos:  [-0.03681731  1.1709427   0.4113735 ]
Goal:  [-0.02356244  1.12140904  0.39808374]
Pos:  [-0.03872852  1.1748347   0.41068083]
Goal:  [-0.026035    1.11243117  0.40296843]
Pos:  [-0.04032211  1.1781018   0.41060904]
Goal:  [-0.02892115  1.10207115  0.40860306]
Pos:  [-0.04142774  1.1806046   0.411124  ]
Goal:  [-0.0318073   1.09171114  0.41423768]
Pos:  [-0.0423073   1.1822577   0.41208166]
Goal:  [-0.03469345  1.08135112  0.41987231]
Pos:  [-0.04332996  1.183141    0.41317663]
Goal:  [-0.03797245  1.06972076  0.42619542]
Pos:  [-0.04455307  1.1832516   0.414599  ]
Goal:  [-0.04125146  1.05809041  0.43251852]
Pos:  [-0.04566668  1.1829191   0.41626123]
Goal:  [-0.04453047  1.04646005  0.43884163]
Pos:  [-0.04659234  1.181542    0.4176277 ]
Goal:  [-0.04818066  1.03367319  0.44579067]
Pos:  [-0.04757917  1.1797342   0.41941836]
Goal:  [-0.05183085  1.02088633  0.45273971]
Pos:  [-0.04908459  1.1775767   0.42170858]
Goal:  [-0.05548104  1.00809947  0.45968875]
Pos:  [-0.05075509  1.1744924   0.42448553]
Goal:  [-0.05947978  0.99427168  0.46720027]
Pos:  [-0.05245028  1.1707325   0.42749795]
Goal:  [-0.06347852  0.9804439   0.4747118 ]
Pos:  [-0.0542162   1.166552    0.43021032]
Goal:  [-0.06747726  0.96661611  0.48222332]
Pos:  [-0.05588211  1.162111    0.43306667]
Goal:  [-0.07180094  0.9518644   0.49023312]
Pos:  [-0.05739824  1.1568043   0.43599325]
Goal:  [-0.07612462  0.93711268  0.49824292]
Pos:  [-0.05890968  1.1505288   0.43936822]
Goal:  [-0.0804483   0.92236097  0.50625273]
Pos:  [-0.06063556  1.1434201   0.44308776]
Goal:  [-0.08507232  0.90680338  0.51469609]
Pos:  [-0.06253804  1.1360407   0.447429  ]
Goal:  [-0.08969635  0.8912458   0.52313945]
Pos:  [-0.06479974  1.1282244   0.4518961 ]
Goal:  [-0.09432037  0.87568821  0.5315828 ]
Pos:  [-0.06682266  1.1199954   0.45654514]
Goal:  [-0.09921918  0.85944348  0.54039468]
Pos:  [-0.06866204  1.111846    0.46141997]
Goal:  [-0.10411798  0.84319875  0.54920655]
Pos:  [-0.07052996  1.1035316   0.4664867 ]
Goal:  [-0.10901678  0.82695402  0.55801842]
Pos:  [-0.07257804  1.0949404   0.4717966 ]
Goal:  [-0.11416381  0.8101411   0.5671337 ]
Pos:  [-0.07458103  1.0859071   0.47744864]
Goal:  [-0.11931085  0.79332818  0.57624897]
Pos:  [-0.07689701  1.0767409   0.4833465 ]
Goal:  [-0.12445788  0.77651526  0.58536425]
Pos:  [-0.07957336  1.0672787   0.48958528]
Goal:  [-0.12982565  0.75925287  0.594718  ]
Pos:  [-0.08264035  1.0572165   0.49609613]
Goal:  [-0.13519341  0.74199048  0.60407176]
Pos:  [-0.0857265  1.0464511  0.5027116]
Goal:  [-0.14056118  0.72472809  0.61342552]
Pos:  [-0.08923116  1.0353038   0.5092035 ]
Goal:  [-0.14612124  0.70713422  0.62295332]
Pos:  [-0.09288565  1.0237259   0.5162143 ]
Goal:  [-0.15168131  0.68954035  0.63248111]
Pos:  [-0.09637324  1.0119617   0.52325374]
Goal:  [-0.15724138  0.67194647  0.64200891]
Pos:  [-0.10020079  0.9997712   0.5301257 ]
Goal:  [-0.16296443  0.65413784  0.65164705]
Pos:  [-0.10424114  0.98689646  0.53724456]
Goal:  [-0.16868748  0.63632921  0.6612852 ]
Pos:  [-0.10871849  0.9734776   0.54450387]
Goal:  [-0.17441053  0.61852058  0.67092335]
Pos:  [-0.11390956  0.9594977   0.5514755 ]
Goal:  [-0.18026641  0.60061208  0.68060924]
Pos:  [-0.11942686  0.94540703  0.5581801 ]
Goal:  [-0.18612229  0.58270358  0.69029514]
Pos:  [-0.12533519  0.9308384   0.5648255 ]
Goal:  [-0.19197817  0.56479508  0.69998103]
Pos:  [-0.13104843  0.91585296  0.57185197]
Goal:  [-0.19793595  0.5468992   0.70965347]
Pos:  [-0.13711739  0.90049076  0.5791488 ]
Goal:  [-0.20389374  0.52900332  0.71932591]
Pos:  [-0.14337762  0.8850521   0.5864948 ]
Goal:  [-0.20985152  0.51110744  0.72899835]
Pos:  [-0.14962266  0.8693473   0.59402096]
Goal:  [-0.21587958  0.49333365  0.73859786]
Pos:  [-0.1557621   0.853245    0.60182416]
Goal:  [-0.22190765  0.47555985  0.74819738]
Pos:  [-0.16179474  0.83716214  0.6104709 ]
Goal:  [-0.22793571  0.45778606  0.75779689]
Pos:  [-0.16807255  0.82109576  0.61914355]
Goal:  [-0.23400186  0.44024016  0.7672661 ]
Pos:  [-0.1745174  0.8047196  0.6278856]
Goal:  [-0.240068    0.42269427  0.77673531]
Pos:  [-0.18085423  0.78808564  0.63671935]
Goal:  [-0.24613415  0.40514838  0.78620453]
Pos:  [-0.18726817  0.77140766  0.6453058 ]
Goal:  [-0.25220569  0.38793192  0.79548848]
Pos:  [-0.19336377  0.75450456  0.65423363]
Goal:  [-0.25827724  0.37071546  0.80477244]
Pos:  [-0.19920489  0.7376365   0.6626699 ]
Goal:  [-0.26434878  0.35349901  0.8140564 ]
Pos:  [-0.20484729  0.72080505  0.6710604 ]
Goal:  [-0.27039272  0.33670858  0.82310296]
Pos:  [-0.20992108  0.703952    0.6799623 ]
Goal:  [-0.20211425  0.34994243  0.84204321]
Pos:  [-0.21469386  0.687227    0.6888185 ]
Goal:  [-0.20671176  0.33373631  0.85128231]
Pos:  [-0.21960473  0.6705505   0.69817924]
Goal:  [-0.21128844  0.31803108  0.86022968]
Pos:  [-0.22465457  0.65340734  0.7078806 ]
Goal:  [-0.21586512  0.30232585  0.86917705]
Pos:  [-0.23010491  0.6365387   0.7178692 ]
Goal:  [-0.2204418   0.28662062  0.87812443]
Pos:  [-0.2357715  0.6195785  0.7276555]
Goal:  [-0.22497188  0.27149802  0.8867336 ]
Pos:  [-0.24110828  0.6020874   0.73716456]
Goal:  [-0.22950196  0.25637543  0.89534277]
Pos:  [-0.24575177  0.58401227  0.74652034]
Goal:  [-0.23403203  0.24125283  0.90395194]
Pos:  [-0.25025684  0.5658851   0.75581247]
Goal:  [-0.23848945  0.22678792  0.91218036]
Pos:  [-0.25445494  0.5480403   0.76504093]
Goal:  [-0.24294686  0.21232302  0.92040878]
Pos:  [-0.25832903  0.5308036   0.7743274 ]
Goal:  [-0.24740428  0.19785811  0.92863721]
Pos:  [-0.2620925   0.51404953  0.78335327]
Goal:  [-0.25176288  0.18411862  0.93644662]
Pos:  [-0.2651141   0.49779746  0.7927531 ]
Goal:  [-0.25612147  0.17037913  0.94425604]
Pos:  [-0.26782006  0.48198628  0.8016671 ]
Goal:  [-0.26048007  0.15663965  0.95206545]
Pos:  [-0.27021378  0.46655914  0.80997574]
Goal:  [-0.2647138   0.14368539  0.95942223]
Pos:  [-0.27241302  0.45176983  0.8183942 ]
Goal:  [-0.26894753  0.13073113  0.966779  ]
Pos:  [-0.27422667  0.43744212  0.82665753]
Goal:  [-0.27318125  0.11777688  0.97413577]
Pos:  [-0.27589393  0.42312795  0.83475155]
Goal:  [-0.27726443  0.10565916  0.98101121]
Pos:  [-0.27703512  0.4088924   0.84331065]
Goal:  [-0.2813476   0.09354145  0.98788665]
Pos:  [-0.27795154  0.39458656  0.8514727 ]
Goal:  [-0.28543077  0.08142373  0.9947621 ]
Pos:  [-0.27850887  0.38063607  0.8598969 ]
Goal:  [-0.28933834  0.07018482  1.00113278]
Pos:  [-0.27862757  0.3668802   0.86838895]
Goal:  [-0.29324591  0.05894591  1.00750347]
Pos:  [-0.2784581   0.35342982  0.8767799 ]
Goal:  [-0.29715347  0.047707    1.01387415]
Pos:  [-0.27851844  0.3405268   0.88549995]
Goal:  [-0.30086135  0.03737959  1.01972219]
Pos:  [-0.2786693   0.32791215  0.8943511 ]
Goal:  [-0.30456923  0.02705219  1.02557023]
Pos:  [-0.27868453  0.31552452  0.9029874 ]
Goal:  [-0.30827711  0.01672478  1.03141826]
Pos:  [-0.27894947  0.3034623   0.9114038 ]
Goal:  [-0.31176253  0.00733157  1.03673155]
Pos:  [-0.2797197   0.29154742  0.919762  ]
Goal:  [-0.31524795 -0.00206165  1.04204484]
Pos:  [-0.28094864  0.27968422  0.9280531 ]
Goal:  [-0.31873338 -0.01145486  1.04735813]
Pos:  [-0.28224394  0.26804918  0.9363803 ]
Goal:  [-0.32197531 -0.01990163  1.05213058]
Pos:  [-0.28441212  0.25654718  0.9442453 ]
Goal:  [-0.32521724 -0.02834841  1.05690303]
Pos:  [-0.28752565  0.24523282  0.95171154]
Goal:  [-0.32845918 -0.03679518  1.06167548]
Pos:  [-0.29095092  0.2342748   0.95920175]
Goal:  [-0.33143876 -0.04429404  1.06590719]
Pos:  [-0.29466224  0.223064    0.9664882 ]
Goal:  [-0.33441835 -0.05179291  1.0701389 ]
Pos:  [-0.29851225  0.21191747  0.97348243]
Goal:  [-0.33739793 -0.05929177  1.07437061]
Pos:  [-0.3023198   0.20055571  0.9801756 ]
Goal:  [-0.34009899 -0.06585231  1.07806802]
Pos:  [-0.30611396  0.18877333  0.98681074]
Goal:  [-0.34280006 -0.07241284  1.08176542]
Pos:  [-0.31032822  0.17672333  0.993415  ]
Goal:  [-0.34550112 -0.07897338  1.08546282]
Pos:  [-0.31528196  0.1647681   0.9996572 ]
Goal:  [-0.34791071 -0.08461643  1.08863875]
Pos:  [-0.3203305   0.15308493  1.0057076 ]
Goal:  [-0.3503203  -0.09025948  1.09181468]
Pos:  [-0.3254592   0.14125638  1.0114357 ]
Goal:  [-0.3527299  -0.09590254  1.09499061]
Pos:  [-0.33026168  0.12944241  1.0169822 ]
Goal:  [-0.35483893 -0.10066031  1.09766435]
Pos:  [-0.3349469  0.1178843  1.0220981]
Goal:  [-0.35694795 -0.10541807  1.1003381 ]
Pos:  [-0.33958048  0.10660276  1.0270574 ]
Goal:  [-0.35905698 -0.11017584  1.10301185]
Pos:  [-0.3444286   0.09555602  1.0318764 ]
Goal:  [-0.36086086 -0.1140919   1.10520912]
Pos:  [-0.3494082   0.08452506  1.0366211 ]
Goal:  [-0.36266474 -0.11800796  1.10740638]
Pos:  [-0.3540558   0.07345939  1.041742  ]
Goal:  [-0.36446862 -0.12192402  1.10960365]
Pos:  [-0.35830128  0.06221485  1.0468371 ]
Goal:  [-0.36596801 -0.12505321  1.11135646]
Pos:  [-0.3625722   0.05152837  1.0514929 ]
Goal:  [-0.3674674  -0.1281824   1.11310927]
Pos:  [-0.36717615  0.04094184  1.0555624 ]
Goal:  [-0.3689668  -0.13131159  1.11486208]
Pos:  [-0.37176186  0.03040607  1.05966   ]
Goal:  [-0.37016841 -0.13371979  1.1162086 ]